      0/99     7.98G   0.09336   0.08807   0.02871    0.2101       516       640  0.007143   0.01112 0.0001738 2.535e-05    0.1362    0.1481   0.03276
      1/99       11G   0.08783   0.08705   0.02734    0.2022       526       640   0.01855   0.03944  0.001083  0.000157    0.1305    0.1675   0.03131
      2/99     11.1G    0.0811   0.08101   0.02484    0.1869       621       640   0.06867    0.1206   0.02407  0.004549    0.1294    0.1749    0.0293
      3/99     11.1G   0.07262   0.07963   0.02168    0.1739       524       640   0.09824     0.185    0.0602   0.01471    0.1258     0.185   0.02871
      4/99     11.1G   0.06076   0.08374   0.01722    0.1617       484       640    0.1179     0.202    0.0906     0.028    0.1248    0.1764   0.02766
      5/99     11.2G   0.06242   0.09263   0.01889    0.1739       633       640   0.05925   0.08392   0.01992   0.00451    0.1301    0.2719   0.02865
      6/99     11.2G   0.04863   0.09863   0.01597    0.1632       314       640    0.3187    0.1884   0.07294    0.0224    0.1174    0.2059    0.0264
      7/99     11.2G   0.04939     0.109   0.01507    0.1735       466       640     0.369    0.2704     0.105   0.03584    0.1135    0.2052   0.02553
      8/99     11.2G   0.05812    0.1074   0.01794    0.1834       236       640    0.3754    0.2558   0.09455   0.02436    0.1182    0.2053   0.02526
      9/99     11.2G    0.0424    0.1121   0.01556    0.1701       745       640    0.4313    0.3274    0.1581   0.04459    0.1154    0.2147   0.02648
     10/99     11.2G   0.04508    0.1223   0.01561     0.183       559       640    0.4441    0.3355    0.1611   0.05689     0.109    0.2069   0.02544
     11/99     11.2G   0.03924    0.1289   0.01356    0.1817       676       640    0.4424    0.3425    0.1615   0.06056    0.1078    0.2166    0.0247
     12/99     11.2G   0.04301    0.1257   0.01512    0.1839       371       640    0.4861     0.369    0.1916   0.08192    0.1018    0.2131    0.0245
     13/99     11.2G   0.04386    0.1261   0.01434    0.1843       585       640    0.4402    0.3257    0.1512   0.04862     0.104    0.2171   0.02456
     14/99     11.2G   0.03756    0.1352   0.01384    0.1866       653       640    0.4584     0.322    0.1791   0.07382    0.1025    0.2131   0.02503
     15/99     11.2G   0.04236    0.1346   0.01303      0.19       377       640    0.4827    0.3822     0.189   0.06564    0.1002    0.2098   0.02829
     16/99     11.2G   0.04049    0.1321   0.01184    0.1844       826       640    0.5044     0.465    0.2582   0.09896   0.09796    0.2222   0.03031
     17/99     11.2G    0.0469    0.1308   0.01472    0.1925       665       640    0.4931    0.4656    0.2472    0.1004   0.09881    0.2347   0.02758
     18/99     11.2G   0.04385    0.1295   0.01456    0.1879       402       640    0.5065    0.4788     0.261    0.1146    0.1001    0.2089   0.02385
     19/99     11.2G   0.04175    0.1319   0.01253    0.1862       573       640    0.5016    0.4694    0.2712    0.1085   0.09969    0.2107   0.02762
     20/99     11.2G   0.03111    0.1312   0.01049    0.1728       783       640    0.4834    0.4965    0.2685    0.1128   0.09706    0.2165   0.03191
     21/99     11.2G    0.0316    0.1243    0.0115    0.1674       455       640    0.5397     0.491     0.306    0.1331   0.09795    0.2266   0.02666
     22/99     11.2G   0.03934    0.1252   0.01138    0.1759       677       640    0.5555    0.5361    0.3536    0.1671   0.09373    0.2254   0.02638
     23/99     11.2G   0.04871    0.1317   0.01259     0.193       485       640    0.5834     0.533    0.3758    0.1709    0.0938    0.2254   0.02794
     24/99     11.2G   0.03646    0.1295    0.0105    0.1765       515       640    0.5046     0.439    0.2577   0.08812    0.0991    0.2146   0.02578
     25/99     11.4G   0.05418     0.125   0.01222    0.1914       257       640    0.4933     0.494    0.2892     0.102    0.1018     0.214   0.02061
     26/99     11.4G   0.04788    0.1274    0.0115    0.1868       423       640    0.5526    0.5359    0.3566    0.1518    0.1002     0.206   0.02174
     27/99     11.4G    0.0456    0.1263   0.01146    0.1833       704       640     0.481    0.4842    0.2837     0.115    0.1015     0.221   0.02155
     28/99     11.4G   0.03864    0.1284  0.009869    0.1769       834       640    0.5724    0.5679    0.3808    0.1755   0.09823    0.2104   0.02288
     29/99     11.4G    0.0482    0.1188   0.01359    0.1806       246       640    0.5764    0.5683    0.3927    0.1761   0.09874    0.2111   0.02146
     30/99     11.4G    0.0507    0.1286   0.01218    0.1915       331       640    0.5522    0.5317     0.359    0.1705   0.09801    0.2133   0.02135
     31/99     11.4G   0.02987    0.1361  0.008636    0.1746       719       640    0.5951    0.5602    0.4026    0.1902   0.09694    0.2211    0.0347
     32/99     11.4G   0.04215     0.123   0.01058    0.1757       313       640    0.5676    0.5481    0.3877    0.1861   0.09715    0.2261   0.03016
     33/99     11.4G   0.03874    0.1162  0.009644    0.1645       412       640    0.6217    0.5471    0.4195    0.1805   0.09735    0.2274   0.02535
     34/99     11.4G   0.04024    0.1246  0.009918    0.1747       369       640    0.5948    0.5787    0.4202    0.2003   0.09655    0.2237   0.02685
     35/99     11.4G   0.04252    0.1263  0.008922    0.1778       733       640    0.6055    0.5716    0.4276    0.1993   0.09755    0.2238   0.02496
     36/99     11.4G   0.04725    0.1247   0.01044    0.1824       428       640    0.6222    0.5819    0.4608    0.2178   0.09753    0.2234   0.02168
     37/99     11.4G   0.04452    0.1313  0.009691    0.1855       645       640    0.6256    0.5837    0.4652     0.234    0.0964    0.2199    0.0212
     38/99     11.4G   0.03832    0.1252  0.008339    0.1718       586       640    0.6555    0.5574    0.4827    0.2473   0.09599    0.2285   0.02217
     39/99     11.4G   0.04146    0.1166  0.008162    0.1662       444       640    0.6343    0.5291    0.4384    0.1513    0.1046    0.2229   0.02447
     40/99     11.4G   0.05252    0.1185   0.01123    0.1823       387       640    0.5709    0.5398    0.3884     0.175    0.1027    0.2233     0.024
     41/99     11.4G   0.04536    0.1014   0.01053    0.1573       790       640    0.5299    0.5185     0.372    0.1705    0.1048     0.235   0.02252
     42/99     11.4G   0.03048   0.09948  0.008273    0.1382       614       640    0.6068    0.5797    0.4289    0.2041    0.1038    0.2393   0.02221
     43/99     11.4G   0.03109    0.0922  0.007911    0.1312       863       640    0.6372    0.5545    0.4433    0.1957     0.105    0.2491   0.02141
     44/99     11.4G   0.03256   0.09668  0.007944    0.1372       453       640    0.6542    0.5507    0.4596    0.2354    0.1033    0.2364   0.02216
     45/99     11.4G   0.03432   0.09671  0.008161    0.1392       718       640      0.65     0.547    0.4665    0.2407    0.1037    0.2459   0.02281
     46/99     11.4G   0.03525   0.09775   0.00804     0.141       491       640    0.6235     0.579    0.4765     0.243    0.1035    0.2412   0.02358
     47/99     11.4G   0.02773   0.09561  0.007043    0.1304       677       640    0.6553    0.5656     0.489     0.251    0.1033    0.2373   0.02353
     48/99     11.4G   0.02783   0.09767  0.008138    0.1336       454       640    0.6613    0.5582    0.4919    0.2571    0.1029    0.2426    0.0248
     49/99     11.4G   0.04143   0.09744  0.009015    0.1479       426       640    0.6702    0.5677    0.5148    0.2668    0.1028    0.2409   0.02372
     50/99     11.4G   0.03534   0.09593  0.008417    0.1397       538       640    0.6529    0.5754    0.5005    0.2619    0.1032    0.2398   0.02363
     51/99     11.4G   0.03211   0.09532  0.008561     0.136       405       640    0.6874    0.5452    0.5149    0.2737    0.1027    0.2455   0.02214
     52/99     11.4G   0.03709   0.09887  0.008191    0.1442       410       640    0.6973    0.5334    0.5074    0.2631    0.1023    0.2427   0.02167
     53/99     11.4G   0.02934    0.0997  0.006966     0.136       699       640    0.6923    0.5563    0.5205    0.2646    0.1024    0.2447   0.02099
     54/99     11.4G   0.02584   0.09691  0.006702    0.1295       445       640    0.7002    0.5419    0.5143    0.2749    0.1018    0.2457   0.02192
     55/99     11.4G   0.02594   0.09611  0.007041    0.1291       392       640    0.6974     0.577    0.5385    0.2846    0.1018    0.2425   0.02121
     56/99     11.4G   0.02608    0.0986  0.006606    0.1313       512       640    0.7011    0.5711    0.5355    0.2823    0.1019    0.2411   0.02161
     57/99     11.4G   0.03134   0.09618   0.00749     0.135       516       640    0.6838    0.5911    0.5346    0.2795    0.1018     0.242   0.02163
     58/99     11.4G   0.03084   0.09613  0.006964    0.1339       259       640    0.7096    0.5762    0.5472    0.2933    0.1013    0.2438   0.02149
     59/99     11.4G    0.0311   0.09512  0.006958    0.1332       429       640    0.7147    0.5714    0.5495    0.2903    0.1014    0.2493   0.02154
     60/99     11.4G   0.02574   0.09619  0.006355    0.1283       511       640    0.6984    0.5789    0.5354    0.2857    0.1009    0.2462   0.02217
     61/99     11.4G   0.04458   0.09193  0.008369    0.1449       318       640     0.712    0.5776    0.5561    0.2992    0.1008    0.2538    0.0213
     62/99     11.4G   0.04116    0.1002  0.008839    0.1502       475       640    0.7228    0.5741    0.5582    0.2988    0.1003     0.254   0.02138
     63/99     11.4G   0.03633   0.09184  0.007346    0.1355       552       640    0.6927    0.5863    0.5375    0.2856    0.1002    0.2545   0.02134
     64/99     11.4G   0.03349    0.1011  0.006834    0.1415       561       640    0.7198    0.5741    0.5584    0.3004   0.09975    0.2541   0.02109
     65/99     11.4G   0.03665    0.0906  0.008511    0.1358       285       640    0.7282      0.56    0.5538    0.2984   0.09938     0.259   0.02108
     66/99     11.4G   0.02277   0.09672  0.005056    0.1245       961       640    0.7059    0.5704    0.5371    0.2904   0.09882    0.2576   0.02173
     67/99     11.4G   0.03333   0.09911  0.006776    0.1392       499       640    0.6851    0.5901    0.5445    0.2937    0.0984    0.2592   0.02153
     68/99     11.4G   0.02746   0.09326  0.006492    0.1272       322       640    0.6763    0.6066    0.5509    0.2971   0.09774    0.2602   0.02103
     69/99     11.4G   0.03343   0.09744  0.007275    0.1381       575       640    0.7311    0.5525    0.5482    0.2923   0.09746     0.258   0.02073
     70/99     11.4G   0.04171    0.1016  0.007513    0.1508       331       640     0.722    0.5683     0.554    0.2988   0.09715    0.2561   0.02013
     71/99     11.4G   0.03094   0.09567  0.005827    0.1324       676       640    0.7043    0.5878    0.5545    0.2989   0.09695    0.2564   0.01993
     72/99     11.4G   0.03811   0.09797   0.00765    0.1437       989       640    0.7143    0.5875    0.5656     0.304   0.09646    0.2529    0.0204
     73/99     11.4G   0.04903   0.09605  0.009512    0.1546       632       640    0.5241    0.6721    0.5655    0.3061   0.09626     0.257   0.02041
     74/99     11.4G   0.04416   0.09992  0.007988    0.1521       615       640    0.4919    0.6844    0.5671    0.3071   0.09645    0.2525   0.02066
     75/99     11.4G    0.0361    0.1003  0.007133    0.1435       527       640    0.5067       0.7    0.5736    0.3098   0.09626    0.2472   0.02035
     76/99     11.4G   0.03526    0.0973  0.006804    0.1394       820       640    0.7355    0.5667    0.5762    0.3099   0.09608    0.2466   0.02007
     77/99     11.4G   0.03521   0.09958  0.005951    0.1407       769       640    0.7191    0.5915    0.5718     0.306   0.09601     0.245    0.0203
     78/99     11.4G   0.03026   0.09909  0.006801    0.1361       494       640    0.7275    0.5803    0.5794    0.3111   0.09586    0.2468   0.02042
     79/99     11.4G    0.0251   0.09842  0.005359    0.1289       500       640     0.501    0.7013    0.5746    0.3091   0.09594    0.2464   0.02129
     80/99     11.4G   0.03559   0.09536  0.006661    0.1376       604       640    0.5018    0.7136    0.5823    0.3127   0.09582    0.2488   0.02112
     81/99     11.4G   0.04028    0.1014  0.008239    0.1499       409       640    0.5182    0.7091     0.584    0.3143   0.09558    0.2465    0.0208
     82/99     11.4G   0.03517    0.1005  0.007268    0.1429       676       640    0.5168    0.7053    0.5779    0.3122   0.09556    0.2468   0.02092
     83/99     11.4G   0.03479   0.09478  0.006601    0.1362       577       640    0.5169    0.7096    0.5834    0.3146    0.0955    0.2485   0.02076
     84/99     11.4G   0.02713   0.09976  0.005473    0.1324       317       640    0.5485    0.7051    0.5883    0.3154   0.09555    0.2424   0.02089
     85/99     11.4G   0.03795   0.09453  0.007534      0.14       312       640    0.5501    0.7017    0.5917    0.3206   0.09559    0.2468   0.02093
     86/99     11.4G   0.02491   0.09385  0.005403    0.1242       513       640    0.5763    0.6865    0.5929    0.3224   0.09542    0.2501   0.02092
     87/99     11.4G   0.03028   0.09553   0.00591    0.1317       696       640    0.5563    0.6935    0.5927    0.3221   0.09546    0.2491   0.02127
     88/99     11.4G    0.0298    0.0941  0.006095      0.13       230       640    0.5602    0.7068    0.6002    0.3248   0.09528    0.2473   0.02078
     89/99     11.4G    0.0275   0.09931  0.005518    0.1323       647       640    0.5763    0.6797    0.5877    0.3155   0.09539    0.2465   0.02182
     90/99     11.4G   0.03011   0.09897  0.005953     0.135       820       640    0.5844    0.6966    0.6001    0.3232   0.09523    0.2476   0.02058
     91/99     11.4G   0.03741   0.09602  0.007057    0.1405       359       640    0.5919     0.704    0.6058    0.3272   0.09512    0.2457   0.02013
     92/99     11.4G   0.03226   0.09852  0.006466    0.1372       384       640    0.6002    0.6933    0.6012    0.3229   0.09536    0.2457   0.01986
     93/99     11.4G   0.03042   0.09042  0.005226    0.1261       160       640    0.6089    0.6853    0.5988    0.3238   0.09537    0.2486   0.01992
     94/99     11.4G   0.03274   0.09664   0.00611    0.1355       285       640    0.6141    0.6858    0.6021    0.3245   0.09528     0.246   0.01982
     95/99     11.4G   0.02965   0.09866   0.00562    0.1339       624       640    0.6145    0.6822    0.5988    0.3229   0.09529    0.2465    0.0201
     96/99     11.4G   0.03778   0.09372   0.00663    0.1381       371       640    0.6013     0.687    0.6031    0.3261    0.0952    0.2513   0.02015
     97/99     11.4G   0.03214   0.09596  0.005676    0.1338       204       640    0.6044     0.696    0.6062    0.3262   0.09521     0.248   0.02031
     98/99     11.4G   0.03263   0.09898  0.006039    0.1377       829       640     0.598    0.6953    0.6054    0.3276   0.09516    0.2507    0.0207
     99/99     11.4G   0.04316   0.09751  0.005947    0.1466       775       640    0.6268    0.6822    0.6049     0.326    0.0953    0.2475   0.02077
