      0/99     5.99G   0.09415   0.09462   0.01768    0.2064       304       640   0.02709   0.06256  0.002883 0.0003998    0.1366      0.14   0.01859
      1/99     11.3G   0.08754   0.07891   0.01524    0.1817       312       640   0.06312    0.1363   0.01497  0.002304    0.1292    0.1682   0.01654
      2/99     12.7G    0.0823   0.07576     0.014    0.1721       510       640    0.1887    0.2556   0.09367   0.01629     0.129    0.1838   0.01512
      3/99     12.7G   0.07199      0.08   0.01219    0.1642       540       640    0.3502    0.3917    0.2499   0.06155    0.1265    0.1818   0.01504
      4/99     12.7G   0.04782   0.08181  0.008988    0.1386       707       640    0.4079    0.4431    0.3036   0.09001     0.126    0.1711   0.01349
      5/99     12.7G   0.04085   0.08153  0.007388    0.1298       614       640    0.4508    0.5119    0.3471    0.1088    0.1202    0.1809   0.01277
      6/99     12.7G   0.03871    0.0865  0.007252    0.1325       447       640    0.4778    0.5197    0.3803   0.09954    0.1155    0.1976   0.01247
      7/99     12.7G   0.03616   0.09412  0.006876    0.1372       566       640    0.5365    0.5974    0.4476    0.1662    0.1167    0.2121    0.0121
      8/99     12.7G   0.05015   0.08934  0.008171    0.1477       376       640    0.4849     0.314    0.2725   0.07129    0.1349    0.2447   0.01347
      9/99     12.7G   0.04941    0.0894  0.008634    0.1474       652       640    0.1994    0.1428   0.06101   0.01452    0.1254    0.2827   0.01937
     10/99     12.7G   0.04084   0.09589   0.00758    0.1443       528       640    0.2988    0.4401    0.3041    0.1008    0.1201    0.2673    0.0149
     11/99     12.7G   0.04079    0.1075  0.007249    0.1555       487       640    0.4306    0.3586    0.2755   0.07867    0.1168      0.28   0.01498
     12/99     12.7G   0.04885     0.102  0.006722    0.1576       478       640    0.6364    0.6034    0.5944    0.1909     0.114    0.2624   0.01307
     13/99     12.7G   0.03647    0.1004  0.005024    0.1419       462       640    0.5181      0.61    0.5093    0.1502    0.1168    0.2304   0.01129
     14/99     12.7G   0.03841   0.09856  0.004167    0.1411       765       640     0.839      0.61    0.6979    0.2814    0.1165    0.2333   0.01024
     15/99     12.7G    0.0483   0.09796  0.004201    0.1505       510       640    0.7362    0.5946    0.6648    0.2646    0.1167    0.2385   0.01825
     16/99     12.7G   0.04463   0.09923  0.004614    0.1485       371       640    0.7403    0.7372    0.7549    0.3321    0.1101    0.2436   0.01591
     17/99     12.7G   0.03803    0.1001  0.003359    0.1415       280       640    0.7733    0.6182    0.7098    0.3211    0.1116    0.2388   0.01779
     18/99     12.7G   0.04164   0.09692  0.004283    0.1428       588       640    0.7204    0.7085    0.7246    0.3159     0.109    0.2386   0.01339
     19/99     12.7G   0.04394   0.09674  0.003502    0.1442       355       640    0.7489    0.6992    0.7532    0.3265      0.11    0.2309   0.01227
     20/99     12.7G    0.0455   0.09219  0.003976    0.1417       374       640    0.8288     0.793    0.8333    0.4071    0.1073    0.2441   0.02533
     21/99     12.7G   0.03975   0.09384  0.003526    0.1371       420       640    0.8102    0.7579    0.8004    0.3504    0.1079    0.2607   0.03037
     22/99     12.7G   0.04729   0.09406  0.003483    0.1448       240       640    0.8152    0.8182    0.8459    0.4072    0.1058    0.2463    0.0165
     23/99     12.7G   0.04245   0.09716  0.003923    0.1435       784       640    0.8226    0.8148    0.8546    0.4239    0.1064    0.2376   0.01142
     24/99     12.7G   0.03889   0.08793  0.002259    0.1291       336       640    0.8057    0.8237     0.844    0.3634    0.1156    0.2106   0.01045
     25/99     12.7G   0.05332   0.06919  0.004844    0.1274       385       640    0.8056    0.7683    0.8022    0.2818    0.1153    0.2304   0.01297
     26/99     12.7G    0.0422   0.07735  0.003113    0.1227       600       640    0.8057    0.8155    0.8464    0.4135    0.1123    0.2295   0.01659
     27/99     12.7G   0.03608   0.07424  0.002555    0.1129       306       640    0.8329    0.8097    0.8416    0.4168    0.1072    0.2371   0.01599
     28/99     12.7G   0.04331   0.07915  0.002464    0.1249       593       640    0.8298    0.8109    0.8413    0.3679    0.1078    0.2312   0.01775
     29/99     12.7G   0.03621   0.07903  0.003899    0.1191       728       640    0.8133     0.804     0.829    0.3668    0.1065    0.2393   0.01961
     30/99     12.7G   0.04352   0.07792  0.003214    0.1247       448       640    0.8076    0.8281    0.8533    0.4267    0.1045    0.2441   0.01602
     31/99     12.7G   0.04211   0.08015  0.002598    0.1249       485       640    0.8197    0.7993    0.8458    0.4111    0.1067    0.2516   0.01038
     32/99     12.7G   0.03369   0.08046  0.002189    0.1163       671       640    0.8356    0.7859    0.8432    0.4125     0.103    0.2528  0.007024
     33/99     12.7G   0.04152    0.0834  0.002794    0.1277       278       640    0.7961    0.7721    0.7878    0.3669    0.1026    0.2529    0.0151
     34/99     12.7G   0.04237   0.09316  0.003754    0.1393       553       640    0.5752    0.7476    0.5478    0.2083   0.09953    0.2498    0.0345
     35/99     12.7G   0.04777   0.09911  0.006522    0.1534       647       640    0.6284    0.7209     0.638    0.2229   0.09934    0.2511   0.01904
     36/99     12.7G   0.04772    0.1043  0.003869    0.1559       890       640    0.7202    0.7523    0.7546    0.3184   0.09841     0.244  0.009752
     37/99     12.7G   0.04706    0.1025   0.00254    0.1521       258       640    0.8157    0.7826    0.8312    0.3935   0.09804    0.2478  0.007649
     38/99     12.7G   0.04985    0.1012  0.001904    0.1529       373       640     0.831    0.8138    0.8578    0.4081   0.09832    0.2555  0.007328
     39/99     12.7G   0.03951    0.1018  0.002094    0.1434       334       640    0.7941    0.8006    0.8325    0.4019   0.09957    0.2454  0.007708
     40/99     12.7G   0.03605    0.1033  0.002808    0.1421       482       640    0.8357    0.8212    0.8663     0.433   0.09605    0.2528  0.007994
     41/99     12.7G   0.04624    0.1041  0.003729    0.1541       643       640     0.855    0.8044    0.8532    0.4398   0.09706    0.2505  0.007631
     42/99     12.7G   0.03478    0.1008  0.001647    0.1372       169       640    0.8349    0.8458    0.8752    0.4105   0.09713    0.2544  0.007046
     43/99     12.7G   0.03538   0.09839  0.001621    0.1354       432       640    0.8275    0.8387    0.8669    0.4102   0.09739    0.2534  0.007124
     44/99     12.7G   0.03923    0.1065  0.001794    0.1475       338       640    0.8376    0.8512    0.8805    0.4499   0.09555    0.2549  0.006828
     45/99     12.7G   0.04169   0.09268  0.002043    0.1364       186       640    0.8197    0.8574    0.8754    0.4465   0.09549    0.2558  0.007253
     46/99     12.7G   0.03595   0.09614  0.001423    0.1335       486       640    0.8367    0.8395    0.8786      0.44    0.0956    0.2529  0.008341
     47/99     12.7G   0.04286     0.102  0.001224    0.1461       414       640    0.8406    0.8441    0.8808     0.457   0.09525    0.2624  0.009959
     48/99     12.7G   0.03724   0.09766   0.00126    0.1362       680       640    0.8239    0.8687    0.8881    0.4628   0.09493    0.2601   0.01095
     49/99     12.7G   0.03589    0.1035  0.001128    0.1406       385       640     0.852    0.8395    0.8864    0.4526   0.09549    0.2647   0.01076
     50/99     12.7G   0.04101    0.0983  0.002732     0.142       394       640    0.8302    0.8602    0.8835    0.4581   0.09482    0.2686   0.01031
     51/99     12.7G   0.04561    0.1031   0.00445    0.1532       327       640    0.8219     0.798    0.8515    0.4375    0.0953    0.2618   0.02034
     52/99     12.7G   0.03799     0.104  0.001904    0.1439       231       640    0.8356    0.8132    0.8624    0.4377   0.09585    0.2649   0.02266
     53/99     12.7G   0.04305    0.1033   0.00173    0.1481       546       640    0.8345    0.8357    0.8763     0.443   0.09543    0.2641     0.023
     54/99     12.7G   0.03823    0.1017  0.001447    0.1413       191       640     0.853    0.8231    0.8776    0.4508   0.09459    0.2612   0.02272
     55/99     12.7G   0.03249    0.1006  0.001334    0.1344       518       640    0.8203    0.8587    0.8777    0.4548   0.09423    0.2635   0.02381
     56/99     12.7G   0.03932    0.1007  0.001841    0.1419       402       640    0.8437    0.8395     0.879    0.4598   0.09424    0.2669   0.02832
     57/99     12.7G   0.04307    0.1085  0.007073    0.1586       999       640    0.8165    0.8445    0.8643     0.438   0.09528    0.2677   0.01895
     58/99     12.7G   0.03484    0.1169  0.002011    0.1538       678       640    0.8363    0.8333    0.8677    0.4423   0.09457    0.2645   0.01506
     59/99     12.7G   0.03976    0.1023  0.003406    0.1454       438       640    0.8292    0.8308    0.8549     0.432   0.09385    0.2867   0.01327
     60/99     12.7G   0.04751    0.0995  0.004118    0.1511       528       640    0.8391    0.8364    0.8736    0.4508   0.09323    0.2719  0.009667
     61/99     12.7G   0.03952     0.106  0.001761    0.1473       496       640    0.8423    0.8421    0.8785     0.456   0.09272    0.2775  0.008928
     62/99     12.7G   0.04201    0.1012  0.002087    0.1453       480       640    0.8307    0.8566    0.8813    0.4596   0.09261    0.2842  0.009131
     63/99     12.7G   0.02877    0.1035  0.001131    0.1334       786       640    0.8472    0.8443    0.8871    0.4668   0.09237    0.2802  0.009391
     64/99     12.7G   0.03366    0.1019    0.0015     0.137       392       640    0.8286    0.8603    0.8803    0.4631    0.0918    0.2847  0.009624
     65/99     12.7G   0.04638    0.1007  0.002004    0.1491       690       640    0.8511    0.8431    0.8854    0.4688   0.09167    0.2861   0.01006
     66/99     12.7G   0.04439    0.1057   0.00297     0.153       408       640     0.836    0.8568    0.8869    0.4714   0.09165    0.2865  0.009297
     67/99     12.7G   0.03088    0.1057  0.001408     0.138       492       640    0.8565      0.84    0.8873    0.4714    0.0914    0.2811  0.008607
     68/99     12.7G   0.03628    0.1022  0.002254    0.1408       244       640    0.8414    0.8547    0.8895    0.4729   0.09146    0.2872  0.007182
     69/99     12.7G    0.0361    0.1022  0.001543    0.1398       500       640    0.8486    0.8461    0.8872    0.4734   0.09108    0.2864  0.006463
     70/99     12.7G   0.03891    0.1067  0.001818    0.1474       496       640    0.8416    0.8513    0.8857    0.4729   0.09108    0.2908  0.006239
     71/99     12.7G   0.03835    0.1024  0.002001    0.1427       498       640    0.8353    0.8574    0.8864    0.4726     0.091    0.2897  0.006137
     72/99     12.7G   0.03037   0.09954  0.001453    0.1314       697       640    0.8475     0.845    0.8851    0.4715   0.09089     0.297  0.006795
     73/99     12.7G   0.03603    0.1022  0.001397    0.1397       570       640    0.8387    0.8594    0.8883    0.4758   0.09091    0.2896  0.008976
     74/99     12.7G   0.04916    0.1004  0.002844    0.1524       520       640    0.8425    0.8561    0.8881     0.476   0.09076    0.2912  0.009733
     75/99     12.7G   0.03586   0.09528  0.001013    0.1322       164       640     0.843    0.8505    0.8863    0.4752   0.09073    0.2944   0.01063
     76/99     12.7G   0.04083    0.1025  0.003923    0.1473       381       640    0.8305    0.8682    0.8913    0.4754   0.09064    0.2886  0.009232
     77/99     12.7G   0.03869    0.1095  0.002564    0.1507       269       640    0.8396    0.8593    0.8905    0.4739    0.0905     0.291  0.007932
     78/99     12.7G    0.0438     0.109  0.002617    0.1555       329       640    0.8532    0.8442    0.8875    0.4753   0.09049    0.2915  0.007411
     79/99     12.7G   0.03104   0.09426  0.001462    0.1268       975       640    0.8474    0.8476     0.887    0.4749   0.09051     0.296  0.007272
     80/99     12.7G   0.04161    0.1027  0.002318    0.1467       622       640    0.8499     0.851     0.894    0.4784   0.09058    0.2888  0.007259
     81/99     12.7G   0.03277    0.1034  0.001525    0.1377       718       640    0.8385    0.8625    0.8898    0.4767   0.09061    0.2938  0.007317
     82/99     12.7G    0.0359   0.09766  0.001498    0.1351       417       640     0.835    0.8667    0.8897    0.4768    0.0905    0.2991  0.007479
     83/99     12.7G   0.03036    0.1019  0.001519    0.1337       486       640    0.8488    0.8556    0.8942    0.4797   0.09055    0.2922  0.007462
     84/99     12.7G   0.03893    0.1037  0.001571    0.1441       754       640    0.8361     0.863     0.892    0.4795   0.09047    0.2947  0.007459
     85/99     12.7G   0.03039   0.09793  0.001015    0.1293       528       640    0.8377    0.8624    0.8918    0.4785   0.09053    0.2972  0.007632
     86/99     12.7G   0.02787   0.09634  0.001601    0.1258       350       640    0.8464    0.8529     0.894    0.4803   0.09039    0.2963  0.007602
     87/99     12.7G   0.02778   0.09921  0.001254    0.1283       667       640    0.8547    0.8428    0.8923    0.4797   0.09039    0.2935  0.007391
     88/99     12.7G   0.03297    0.1043   0.00166    0.1389       631       640    0.8375    0.8632    0.8953    0.4795   0.09043    0.2938  0.007193
     89/99     12.7G   0.03854    0.1025  0.002004    0.1431       375       640    0.8414    0.8571    0.8933    0.4775   0.09035    0.2944  0.007139
     90/99     12.7G   0.03315   0.09655  0.001416    0.1311       501       640    0.8402     0.856    0.8928    0.4784   0.09024    0.2945  0.007053
     91/99     12.7G   0.03334   0.09728  0.001498    0.1321       482       640    0.8408    0.8582    0.8954    0.4794   0.09039    0.2965  0.007032
     92/99     12.7G    0.0382   0.09477  0.001842    0.1348       335       640     0.831    0.8671    0.8939    0.4787   0.09034    0.2944   0.00708
     93/99     12.7G   0.03837   0.09622  0.001642    0.1362       341       640    0.8399    0.8579    0.8941    0.4788   0.09015    0.2932  0.007101
     94/99     12.7G   0.03873    0.1001  0.001596    0.1405       778       640    0.8358    0.8676    0.8943    0.4797   0.09023    0.2973  0.007127
     95/99     12.7G   0.02762    0.1026 0.0008911    0.1311       570       640    0.8381    0.8642    0.8949    0.4792   0.09032    0.2994  0.007197
     96/99     12.7G   0.04079   0.09593  0.001757    0.1385       168       640    0.8511    0.8486    0.8932    0.4798   0.09017    0.2923  0.007398
     97/99     12.7G   0.03625    0.1043  0.001538    0.1421       884       640    0.8381    0.8632    0.8939    0.4804   0.09035    0.2974  0.007527
     98/99     12.7G    0.0436   0.09638  0.002504    0.1425       531       640    0.8415    0.8563    0.8933    0.4813   0.09036    0.2988   0.00755
     99/99     12.7G   0.04053   0.09131  0.002689    0.1345       504       640    0.8446    0.8516    0.8921    0.4789    0.0903    0.2988  0.007115
