      0/99     7.99G   0.09579   0.07574   0.02927    0.2008       176       640  0.004576    0.0132 0.0001305 2.112e-05    0.1325    0.1342   0.03259
      1/99     11.3G   0.08945   0.07996   0.02883    0.1982       290       640   0.01518   0.04707  0.001278 0.0002033    0.1283    0.1422   0.03111
      2/99     11.9G   0.08278   0.07534   0.02774    0.1859       659       640   0.05105    0.1384   0.01375  0.002386     0.125    0.1502    0.0302
      3/99     11.9G   0.08188   0.07719   0.02658    0.1857       264       640    0.1171    0.2581   0.05863   0.01354    0.1225    0.1555   0.02867
      4/99     11.9G    0.0728   0.08019   0.02288    0.1759       511       640     0.104    0.2586   0.05899   0.01419    0.1209    0.1718   0.03046
      5/99     11.9G   0.06716   0.07847   0.02215    0.1678       491       640    0.3424    0.2054    0.0638   0.01721    0.1211     0.169   0.02986
      6/99     11.9G   0.06646   0.08518    0.0222    0.1738       636       640    0.1092    0.2645   0.06336   0.01506    0.1174     0.159   0.02889
      7/99     11.9G   0.05512   0.08969   0.01972    0.1645       454       640    0.2017    0.3135    0.1112   0.02866    0.1173    0.1861   0.02969
      8/99     11.9G   0.05848   0.09278   0.01983    0.1711       793       640    0.1856    0.3678    0.1461   0.03799    0.1156    0.1806   0.03157
      9/99     11.9G   0.06581   0.09752   0.02037    0.1837       403       640      0.18    0.3745    0.1408   0.04687    0.1196    0.1676   0.03781
     10/99     11.9G    0.0562   0.09935   0.01883    0.1744       393       640     0.217    0.4636    0.2094   0.07344    0.1103    0.1921   0.02902
     11/99     11.9G   0.04526    0.1098   0.01701     0.172       730       640    0.1602    0.3231    0.1172   0.02859    0.1137    0.1756   0.02865
     12/99     11.9G   0.05772    0.1082   0.01912     0.185       662       640    0.2191    0.5033    0.1951   0.06215    0.1036    0.1775   0.03097
     13/99     11.9G   0.04929    0.0948   0.01686    0.1609      1062       640    0.2625    0.4153    0.2363   0.06828    0.1191    0.1606   0.02938
     14/99     11.9G   0.05987   0.08751   0.01967    0.1671       383       640    0.2678      0.52    0.2695    0.1116    0.1076    0.1647   0.02811
     15/99     11.9G   0.04988   0.09237   0.01738    0.1596       560       640    0.2714    0.5548     0.268   0.07943    0.1082    0.1709   0.02754
     16/99     11.9G   0.05358   0.09616   0.01739    0.1671       321       640    0.2918    0.5929    0.2978    0.1237    0.1061    0.1672   0.02737
     17/99     11.9G   0.05393   0.09605   0.01769    0.1677       638       640     0.298    0.6143    0.3152    0.1197    0.1024    0.1753   0.02804
     18/99     11.9G   0.05641    0.1034    0.0185    0.1783       602       640    0.3051    0.6176    0.3248    0.1363     0.102    0.1674   0.02655
     19/99     11.9G   0.04774    0.1076   0.01614    0.1714       713       640    0.2967    0.5965    0.3213    0.1073    0.1023    0.1715   0.02523
     20/99     11.9G   0.05268    0.1133   0.01718    0.1832       731       640    0.3137    0.5887    0.3234    0.1481    0.1015    0.1865   0.02502
     21/99     11.9G   0.05637    0.1048   0.01766    0.1789       445       640    0.3616    0.6351    0.3934    0.1794   0.09924     0.178   0.02379
     22/99     11.9G   0.05516    0.1154   0.01564    0.1862       586       640    0.4238     0.648    0.4261    0.1977   0.09898    0.1823   0.02446
     23/99     11.9G   0.05764    0.1076   0.01769     0.183       623       640    0.3318    0.6286    0.3808    0.1824    0.1027    0.1706    0.0254
     24/99     11.9G   0.05684   0.08979   0.01776    0.1644       544       640    0.3138    0.6233    0.3661    0.1417    0.1106    0.1612   0.02389
     25/99       12G   0.05761   0.07663   0.01698    0.1512       772       640    0.3533     0.651     0.398     0.156    0.1102    0.1621   0.02262
     26/99       12G    0.0586   0.07764   0.01697    0.1532       972       640    0.4061    0.6421    0.4154    0.1688     0.111    0.1664   0.02344
     27/99       12G   0.05351   0.07084   0.01638    0.1407      1137       640    0.4332    0.6439    0.4194    0.1606    0.1093    0.1716   0.02282
     28/99       12G   0.04985   0.08221   0.01656    0.1486       855       640    0.4246    0.6782    0.4448    0.1794    0.1085      0.17   0.02216
     29/99       12G   0.04771   0.07241   0.01482    0.1349       373       640    0.4194    0.6814    0.4472    0.2106    0.1067    0.1696   0.02298
     30/99       12G   0.05174   0.08193   0.01452    0.1482       633       640    0.3906    0.6927    0.4384    0.2028    0.1067    0.1699   0.02517
     31/99       12G   0.04493   0.08207   0.01439    0.1414       720       640    0.4343    0.6855    0.4666    0.2244    0.1066    0.1733   0.02697
     32/99       12G   0.05098    0.0764   0.01631    0.1437       573       640    0.4332    0.7092      0.48    0.2346    0.1057    0.1784   0.02546
     33/99       12G   0.05328   0.08301   0.01471     0.151       485       640    0.4357    0.6976    0.4938    0.2286    0.1058    0.1773    0.0253
     34/99       12G   0.04294    0.0758   0.01435    0.1331       425       640    0.4424    0.7101    0.5206    0.2485    0.1047    0.1832   0.02536
     35/99       12G   0.04978   0.07521   0.01431    0.1393       518       640    0.4458    0.7203    0.5477    0.2672    0.1044    0.1868   0.02288
     36/99       12G   0.04296   0.08322   0.01245    0.1386      1447       640    0.4419    0.7148    0.5558    0.2748    0.1038    0.1907   0.02253
     37/99       12G   0.04667   0.08133   0.01362    0.1416       905       640    0.4564    0.7271    0.5715    0.2706    0.1043    0.1899   0.02218
     38/99       12G   0.05023    0.0849   0.01291     0.148      1368       640    0.4839    0.7133    0.5873    0.2909    0.1033    0.1843   0.02222
     39/99       12G    0.0418   0.08501    0.0117    0.1385      1138       640    0.4143    0.6265    0.4711    0.1191     0.111    0.1814    0.0237
     40/99       12G   0.04853   0.08585   0.01264     0.147      1108       640    0.4543    0.6995    0.5623     0.271    0.1045    0.1721    0.0277
     41/99       12G   0.04066   0.08259   0.01167    0.1349       552       640    0.4741    0.7145    0.5593    0.2707    0.1042    0.1773   0.02909
     42/99       12G   0.03762   0.08997    0.0125    0.1401       424       640    0.4334    0.7055    0.5317    0.2428    0.1022    0.1869   0.02875
     43/99       12G   0.04775     0.103   0.01442    0.1651       454       640    0.6419    0.4569    0.4569    0.2041    0.1019    0.1626   0.02276
     44/99       12G   0.04318    0.1047   0.01322    0.1611      1141       640    0.4859    0.7009    0.5853    0.2859   0.09949    0.1621   0.02075
     45/99       12G   0.04543   0.09794   0.01306    0.1564       202       640    0.4768    0.7183    0.6026    0.2981   0.09888    0.1687   0.01985
     46/99       12G   0.05234   0.09908   0.01345    0.1649       769       640    0.4601    0.7223     0.598     0.271   0.09957    0.1679   0.01954
     47/99       12G   0.04736   0.09942   0.01174    0.1585       477       640    0.4952    0.7349    0.6177    0.2921   0.09904     0.175   0.01936
     48/99       12G   0.04962    0.1081   0.01328     0.171      1179       640    0.5039    0.7342    0.6156    0.3049   0.09826    0.1721      0.02
     49/99       12G   0.04878   0.09805     0.013    0.1598       709       640    0.5187    0.7349    0.6258    0.3032   0.09831    0.1729   0.01862
     50/99       12G   0.05105    0.1029   0.01209    0.1661       548       640    0.5279    0.7565    0.6481    0.3243   0.09728    0.1711   0.01743
     51/99       12G   0.05523    0.1006     0.012    0.1679       337       640    0.5351    0.7318    0.6227    0.2854   0.09802    0.1748   0.02079
     52/99       12G   0.04497    0.1028   0.01038    0.1581       550       640     0.573    0.7182    0.6594    0.3293   0.09646    0.1796   0.01927
     53/99       12G   0.04478    0.1087   0.01166    0.1652       630       640    0.5457    0.7239    0.6361    0.3042   0.09732    0.1774   0.01939
     54/99       12G   0.04929   0.09586   0.01081     0.156      1228       640    0.6114    0.7276    0.6909    0.3443   0.09676     0.183    0.0169
     55/99       12G   0.05186   0.09553   0.01112    0.1585       272       640    0.5774    0.7838    0.7163    0.3636   0.09619    0.1779    0.0166
     56/99       12G   0.04473    0.1075   0.01041    0.1626       569       640    0.5824    0.7517    0.6902     0.344   0.09628    0.1798   0.01757
     57/99       12G   0.03673    0.1026  0.009139    0.1485       587       640    0.6058    0.7634    0.7124    0.3635   0.09616    0.1783   0.01748
     58/99       12G   0.03897   0.09651  0.009239    0.1447       905       640    0.6235    0.7481    0.7151    0.3671   0.09605    0.1822   0.01938
     59/99       12G   0.04377    0.1039     0.011    0.1586       863       640    0.6299    0.7392    0.7171     0.366   0.09616    0.1784   0.02132
     60/99       12G   0.04967    0.1019   0.01106    0.1626       504       640    0.5953    0.7761    0.7214    0.3667   0.09603    0.1827   0.01901
     61/99       12G   0.04577   0.09703   0.01081    0.1536       598       640     0.634    0.7528      0.73    0.3718   0.09606    0.1833    0.0165
     62/99       12G   0.04946    0.1046   0.01066    0.1647       919       640    0.6345    0.7478      0.73    0.3693   0.09598    0.1926    0.0166
     63/99       12G   0.04109   0.09378   0.01036    0.1452       631       640    0.6631    0.7176    0.7198    0.3707   0.09571    0.1864   0.01689
     64/99       12G   0.05099    0.1065   0.01033    0.1678      1299       640    0.6369    0.7495    0.7405    0.3777   0.09623    0.1825   0.01714
     65/99       12G   0.04368   0.09647  0.009822      0.15       420       640    0.6644    0.7409    0.7436    0.3876   0.09568    0.1865   0.01707
     66/99       12G   0.04867    0.1029  0.009911    0.1614       999       640    0.6722    0.7401     0.744    0.3818   0.09577    0.1888   0.01731
     67/99       12G   0.04805     0.103   0.00933    0.1604       604       640    0.6647     0.739     0.731    0.3783   0.09563     0.193   0.01747
     68/99       12G   0.05187    0.1049    0.0115    0.1683       978       640    0.6638    0.7544     0.746     0.385   0.09574     0.188   0.01707
     69/99       12G   0.03362    0.1029  0.008106    0.1446       694       640     0.697    0.7303    0.7429    0.3849   0.09584     0.187   0.01689
     70/99       12G   0.04608    0.1018  0.009507    0.1574       884       640    0.6932    0.7484    0.7567    0.3937    0.0956    0.1898   0.01671
     71/99       12G   0.04592    0.1059   0.01024    0.1621       898       640    0.6919    0.7526    0.7601    0.3935   0.09569    0.1888    0.0167
     72/99     12.2G   0.04905   0.09629   0.01072    0.1561       694       640    0.6948    0.7507    0.7536    0.3964   0.09558    0.1922   0.01693
     73/99     12.4G   0.04545   0.09541   0.00955    0.1504       373       640    0.6796    0.7583    0.7565    0.3953   0.09574    0.1896   0.01706
     74/99     12.6G   0.05361   0.09834   0.01115    0.1631       567       640    0.6983    0.7381    0.7567    0.3957   0.09552    0.1909   0.01699
     75/99     12.6G     0.053   0.09904   0.01019    0.1622       654       640    0.7034    0.7456     0.757    0.3962   0.09542    0.1909   0.01643
     76/99     12.6G   0.04806   0.09666  0.009744    0.1545       827       640    0.6931    0.7183    0.7421      0.39   0.09538    0.1937    0.0176
     77/99     12.6G   0.04281    0.1004  0.008963    0.1522       545       640    0.6977    0.7599     0.764    0.3959   0.09569     0.191    0.0153
     78/99     12.6G   0.04806   0.09331  0.009921    0.1513       241       640    0.7305    0.7243    0.7611     0.395    0.0955     0.192   0.01491
     79/99     12.6G   0.04345   0.09803  0.009034    0.1505      1281       640    0.7039    0.7601     0.771    0.3998    0.0955    0.1904   0.01434
     80/99     12.6G   0.04315   0.09942  0.009686    0.1522       298       640    0.7247    0.7309    0.7652    0.3992   0.09549    0.1922   0.01469
     81/99     12.6G   0.04545    0.1015  0.009652    0.1566       896       640    0.7036    0.7452    0.7587    0.3987   0.09551    0.1909   0.01526
     82/99     12.6G   0.04839    0.1012  0.009982    0.1595       382       640    0.7089    0.7299    0.7473    0.3934   0.09553    0.1903   0.01601
     83/99     12.6G   0.04512   0.09237  0.009883    0.1474       905       640    0.7065     0.748     0.761    0.3994    0.0954    0.1906   0.01562
     84/99     12.6G   0.05354    0.1012  0.009922    0.1646       783       640    0.7121    0.7418    0.7623    0.4015    0.0954    0.1932   0.01548
     85/99     12.6G   0.05543    0.1027   0.01046    0.1686       984       640    0.7052    0.7442    0.7565    0.3946   0.09532    0.1954   0.01527
     86/99     12.6G   0.03538    0.1044  0.007725    0.1475       265       640    0.7146    0.7368    0.7601    0.3965   0.09543    0.1919   0.01529
     87/99     12.6G   0.04421    0.1022  0.009618     0.156       934       640    0.7199    0.7378    0.7632    0.3988   0.09543    0.1947   0.01523
     88/99     12.6G   0.04601       0.1  0.008855    0.1549      1170       640    0.7094     0.745    0.7628    0.4011   0.09534     0.192   0.01514
     89/99     12.6G   0.05062    0.1021  0.009834    0.1626       939       640    0.7035    0.7539    0.7623    0.4016   0.09528    0.1954   0.01518
     90/99     12.6G   0.04921   0.09601  0.008808     0.154       585       640    0.7083    0.7531    0.7652    0.3983   0.09535    0.1962   0.01523
     91/99     12.6G   0.04019   0.09501  0.007778     0.143      1092       640    0.7045     0.757    0.7664    0.4048   0.09521    0.1967   0.01522
     92/99     12.6G   0.05645   0.09433  0.009793    0.1606       641       640    0.7091    0.7469    0.7669    0.4011   0.09543    0.1944   0.01518
     93/99     12.6G    0.0447   0.09806  0.008991    0.1518       759       640     0.727      0.73    0.7647    0.4051   0.09526    0.1934    0.0153
     94/99     12.6G    0.0482   0.09687  0.008576    0.1536       780       640    0.7016    0.7645    0.7702    0.4055   0.09534    0.1937   0.01519
     95/99     12.6G   0.04756   0.09552  0.008664    0.1517       545       640    0.7076    0.7585    0.7699    0.4032   0.09537    0.1963   0.01518
     96/99     12.6G   0.05065    0.1013  0.009304    0.1613      1281       640    0.7298    0.7392    0.7744     0.407   0.09533     0.195   0.01525
     97/99     12.6G   0.04808   0.09341  0.009379    0.1509       504       640    0.7215    0.7442    0.7699    0.4058   0.09528    0.1957   0.01513
     98/99     12.6G   0.04553   0.09528   0.00857    0.1494       723       640    0.7196     0.748    0.7731    0.4057   0.09535    0.1962   0.01485
     99/99     12.6G    0.0452   0.09866  0.009077    0.1529      1008       640    0.7362    0.7247    0.7681    0.4015    0.0954    0.1958   0.01491
