      0/99     1.17G     0.094   0.09404   0.01842    0.2065       157       640   0.02476   0.07145  0.002375 0.0003602    0.1362    0.1214   0.01854
      1/99     13.7G   0.08709   0.08222   0.01532    0.1846       180       640    0.0549    0.1462   0.01217  0.001769    0.1308    0.1488   0.01594
      2/99     11.3G   0.08142   0.07557   0.01439    0.1714       334       640    0.2136    0.2913    0.1272   0.02322     0.125    0.1641   0.01504
      3/99     11.3G   0.07321   0.07909   0.01262    0.1649       541       640    0.3346    0.3298    0.2134   0.04916    0.1257    0.1671    0.0134
      4/99     11.3G   0.05131   0.08179  0.008277    0.1414       507       640    0.4212    0.4936    0.3599    0.1097    0.1276    0.1422    0.0128
      5/99     11.3G   0.04547   0.08143  0.007609    0.1345       444       640    0.4681    0.5814    0.4565    0.1514    0.1217    0.1519   0.01187
      6/99     11.3G   0.04248   0.08998  0.007438    0.1399       271       640      0.49    0.6182    0.4676     0.162    0.1171    0.1663   0.01179
      7/99     11.3G   0.03762   0.09373   0.00633    0.1377       223       640    0.5216    0.6437    0.5073    0.1451    0.1144    0.1787   0.01124
      8/99     11.3G   0.04813   0.08488  0.006486    0.1395       156       640    0.3842    0.5661    0.3436   0.06261    0.1319    0.1832    0.0117
      9/99     11.3G   0.04315   0.08528  0.006664    0.1351       168       640    0.4495    0.5074    0.3347   0.08395    0.1251    0.1926   0.01248
     10/99     11.3G   0.03756   0.09184  0.005809    0.1352       386       640    0.5499    0.6641    0.5755    0.2105    0.1209     0.196    0.0121
     11/99     11.3G   0.03971     0.104  0.005139    0.1489       571       640    0.6814    0.7131    0.6892    0.1887    0.1206    0.1946   0.01189
     12/99     11.3G   0.03618     0.103  0.004186    0.1434       676       640    0.7819    0.7613    0.7864    0.3458    0.1187    0.1892    0.0122
     13/99     11.3G   0.03529    0.1038  0.003627    0.1427       503       640    0.6231    0.6228    0.5899    0.1519    0.1201    0.1916   0.01233
     14/99     11.3G   0.03392   0.09724  0.003357    0.1345       417       640    0.8276    0.7244    0.7879    0.3276    0.1163    0.1915   0.01206
     15/99     11.3G   0.03408   0.08699  0.002767    0.1238        98       640    0.7505    0.7009    0.7587    0.3074     0.117    0.1895   0.01192
     16/99     11.3G    0.0344   0.09565  0.002615    0.1327       465       640      0.66    0.7501    0.7054     0.249    0.1152    0.1905   0.01208
     17/99     11.3G   0.03924   0.09592  0.003024    0.1382       465       640    0.8371    0.7369    0.8074    0.3385    0.1151     0.189   0.01359
     18/99     11.3G   0.03135   0.09349  0.002656    0.1275       372       640    0.8431    0.7709    0.8405    0.3742     0.113    0.1851   0.01328
     19/99     11.3G   0.03163   0.09799   0.00232    0.1319       527       640    0.8097    0.7732    0.8177    0.2982    0.1134    0.1893   0.01289
     20/99     11.3G   0.02958   0.09468  0.002381    0.1266       407       640    0.8313     0.799    0.8532    0.3896    0.1121    0.1868   0.01282
     21/99     11.3G   0.02984   0.09014  0.002139    0.1221       264       640    0.8273    0.7925    0.8519    0.3924    0.1119    0.1968   0.01268
     22/99     11.3G   0.02873    0.0901  0.001873    0.1207       291       640    0.8288    0.8114    0.8615    0.4123    0.1106    0.1932   0.01255
     23/99     11.3G   0.03112   0.09976  0.002765    0.1337       476       640    0.8188    0.8096    0.8596    0.3855    0.1101    0.1952   0.01078
     24/99     11.3G   0.03493   0.09759  0.002087    0.1346       303       640    0.8197    0.8089    0.8551    0.3893    0.1087    0.1996   0.01149
     25/99     11.3G   0.04142   0.09761  0.002846    0.1419       633       640      0.77     0.759    0.8045    0.3285    0.1089     0.207   0.01478
     26/99     11.3G   0.04471    0.1008  0.003125    0.1487      1005       640    0.8049    0.8211    0.8363    0.3481     0.109    0.2082   0.01962
     27/99     11.3G   0.05443   0.09905  0.006507      0.16       466       640    0.8078    0.8165    0.8435    0.3642     0.107    0.2066   0.03423
     28/99     11.3G   0.03661   0.09772  0.003463    0.1378       499       640    0.8079    0.8253    0.8583    0.4139    0.1066    0.2021   0.01786
     29/99     11.3G   0.03629   0.09929  0.004171    0.1398       562       640    0.8418    0.7934    0.8586    0.3935    0.1077    0.2049   0.01223
     30/99     11.3G   0.04158   0.09142  0.002299    0.1353       191       640    0.8246    0.8217    0.8652    0.4318    0.1052    0.2108   0.02238
     31/99     11.3G     0.038    0.0931  0.003686    0.1348       367       640    0.8104    0.8323    0.8591    0.4091    0.1048    0.2144   0.01012
     32/99     11.3G   0.03727     0.092  0.002596    0.1319       268       640    0.8225     0.826    0.8736     0.432    0.1043    0.2131   0.01315
     33/99     11.3G   0.03442   0.09394  0.001702    0.1301       275       640    0.8115    0.8417    0.8717    0.4368    0.1036    0.2147   0.01683
     34/99     12.6G   0.03925   0.09065  0.004101     0.134       177       640    0.8194     0.841    0.8763    0.4363     0.103    0.2177   0.01106
     35/99     12.6G   0.04522   0.09927  0.003219    0.1477       865       640    0.8259     0.834    0.8741    0.4344    0.1025    0.2161   0.01323
     36/99     12.6G   0.04422    0.1001  0.002398    0.1467       276       640    0.8429    0.8184    0.8759    0.4485    0.1013    0.2203   0.01273
     37/99     12.6G   0.03687   0.09829  0.001941    0.1371       342       640    0.8424    0.8236    0.8821    0.4469    0.1013    0.2177   0.01001
     38/99     12.6G   0.04405   0.09918  0.002317    0.1456       277       640     0.833    0.8276    0.8786    0.4568    0.1003    0.2172  0.008562
     39/99     12.6G   0.04268   0.09383  0.002336    0.1388       247       640    0.8179    0.8279    0.8656    0.3602    0.1024    0.2235    0.0124
     40/99     12.6G   0.04176    0.1003  0.001858     0.144       727       640    0.8135    0.8511      0.88    0.4508   0.09997    0.2191   0.01393
     41/99     12.6G   0.02982   0.09822  0.001577    0.1296       501       640    0.8022    0.8665     0.877    0.4533   0.09932    0.2189   0.01602
     42/99     12.6G    0.0322   0.09348  0.002395    0.1281       193       640    0.8149    0.8499    0.8708    0.4276       0.1    0.2211  0.006248
     43/99     12.6G   0.03675   0.09241   0.00177    0.1309       533       640    0.8307    0.8383    0.8803    0.4387   0.09896    0.2247  0.006273
     44/99     12.6G   0.03755   0.09532  0.002159     0.135       223       640     0.841    0.8341    0.8821    0.4575   0.09805    0.2246  0.006567
     45/99     12.6G   0.03902    0.1001  0.003888    0.1431       436       640    0.8432    0.8232    0.8759    0.4475     0.098    0.2238   0.01652
     46/99     12.6G   0.03751   0.09368  0.002623    0.1338       350       640     0.806    0.8382    0.8707    0.4394   0.09818    0.2233   0.01642
     47/99     12.6G   0.03563    0.0927  0.001931    0.1303       229       640    0.8558    0.8021    0.8701    0.4398   0.09809    0.2256    0.0191
     48/99     12.6G   0.04176   0.09788   0.00227    0.1419       365       640    0.8346    0.8301    0.8801    0.4556   0.09848    0.2212   0.02144
     49/99     12.6G   0.02777    0.1018  0.002165    0.1317       620       640    0.8338    0.8328    0.8809    0.4525   0.09795    0.2232   0.01917
     50/99     12.6G   0.03505    0.1007  0.001679    0.1375       843       640    0.8329    0.8251    0.8808    0.4424   0.09776    0.2236   0.01737
     51/99     12.6G   0.04249    0.1001   0.00208    0.1447       306       640    0.8227    0.8358    0.8766    0.4538   0.09765    0.2212   0.01101
     52/99     12.6G   0.04002   0.09578  0.001524    0.1373        86       640     0.834    0.8305    0.8778    0.4463   0.09808    0.2239   0.00807
     53/99     12.6G   0.05066   0.09027  0.001615    0.1425       509       640    0.8266    0.8421    0.8824    0.4596   0.09745    0.2242  0.007639
     54/99     12.6G   0.04294    0.0995  0.002055    0.1445       432       640    0.8178    0.8372    0.8695    0.4502   0.09776    0.2185  0.007175
     55/99     12.6G   0.03527   0.09588  0.005436    0.1366        81       640    0.7711    0.7701    0.8049    0.3942    0.0985    0.2155   0.07039
     56/99     12.6G   0.03724    0.1041  0.003608    0.1449       531       640     0.698    0.7209    0.7558    0.3748   0.09872    0.2164   0.07113
     57/99     12.6G   0.02713   0.09575  0.002148     0.125       253       640    0.8203    0.7892     0.853     0.432   0.09769    0.2244   0.02826
     58/99     12.6G   0.04222    0.1088  0.002631    0.1536       660       640    0.7939     0.831    0.8601    0.4387   0.09778    0.2201   0.03226
     59/99     12.6G   0.04256    0.1049  0.009205    0.1567       379       640    0.7908    0.7913    0.8255    0.4227    0.0971    0.2246  0.008725
     60/99     12.6G   0.03499   0.09862  0.002621    0.1362       315       640    0.7508    0.7862    0.7973    0.3961   0.09749     0.222   0.01482
     61/99     12.6G    0.0346    0.1025  0.002674    0.1398       306       640    0.8196    0.8042    0.8576    0.4415   0.09702    0.2201   0.01342
     62/99     12.6G   0.03721    0.0932  0.003136    0.1335       476       640    0.8091    0.8381    0.8777    0.4577   0.09678    0.2195   0.01097
     63/99     12.6G   0.04509    0.1014  0.002279    0.1488       740       640    0.8069    0.8372    0.8778    0.4607   0.09678    0.2211   0.01096
     64/99     12.6G   0.04196   0.09649  0.004308    0.1428       552       640    0.8026    0.8432    0.8757    0.4579   0.09683    0.2262   0.01035
     65/99     12.6G   0.03078   0.09923  0.001626    0.1316       403       640    0.8087     0.846     0.882    0.4635   0.09673    0.2225   0.01025
     66/99     12.6G   0.04189   0.09362  0.002497     0.138       382       640    0.8181    0.8337    0.8808    0.4675   0.09656    0.2226   0.01029
     67/99     12.6G   0.03878   0.09209  0.002733    0.1336       405       640    0.8341    0.8221    0.8819    0.4654   0.09683    0.2191  0.009944
     68/99     12.6G    0.0291   0.09929  0.001628      0.13       380       640    0.8193    0.8473     0.886    0.4667   0.09651    0.2189  0.008939
     69/99     12.6G   0.04119   0.09213  0.002812    0.1361       148       640    0.8363     0.828    0.8843    0.4669   0.09695    0.2245  0.007689
     70/99     12.6G   0.04159   0.09745  0.002709    0.1418       704       640    0.8238    0.8322    0.8822    0.4697   0.09674    0.2238  0.007049
     71/99     12.6G   0.03883   0.09435  0.002409    0.1356       520       640    0.8271    0.8363    0.8848    0.4704   0.09647    0.2267  0.007315
     72/99     12.6G    0.0442   0.08921  0.002394    0.1358       350       640    0.8291    0.8384    0.8863     0.466   0.09642    0.2257  0.008546
     73/99     12.6G   0.03091   0.09388  0.002244     0.127       267       640    0.8516    0.8244    0.8891    0.4731   0.09645    0.2262  0.009099
     74/99     12.6G    0.0386   0.09581  0.001763    0.1362       378       640    0.8439    0.8318    0.8879     0.475   0.09648    0.2272  0.009311
     75/99     12.6G   0.03099   0.08794  0.001156    0.1201       209       640    0.8434    0.8341    0.8883    0.4721   0.09649     0.227  0.009476
     76/99     12.6G    0.0361   0.09569  0.001961    0.1338       622       640    0.8129    0.8614    0.8888     0.475   0.09644    0.2236  0.008615
     77/99     12.6G   0.03122   0.09307  0.001654    0.1259       472       640    0.8316    0.8413    0.8899    0.4734   0.09667    0.2253  0.008161
     78/99     12.6G   0.03677   0.09099  0.002348    0.1301       161       640    0.8363    0.8318    0.8879    0.4691   0.09681    0.2232  0.007923
     79/99     12.6G   0.03616   0.08709  0.002034    0.1253       390       640    0.8404    0.8283    0.8883    0.4733    0.0964    0.2272  0.008015
     80/99     12.6G   0.03592   0.09323  0.003749    0.1329       521       640    0.8304    0.8445    0.8906    0.4749   0.09649    0.2256  0.007593
     81/99     12.6G   0.03589    0.0905   0.00281    0.1292       482       640    0.8394    0.8341    0.8882    0.4742   0.09647    0.2274  0.006934
     82/99     12.6G   0.03356   0.08977  0.001721    0.1251       109       640     0.849    0.8222    0.8865    0.4737   0.09654    0.2266  0.006868
     83/99     12.6G   0.03606    0.0958  0.002337    0.1342       497       640     0.837    0.8354    0.8894    0.4723   0.09667     0.224  0.006991
     84/99     12.6G   0.03597   0.09324  0.002009    0.1312       518       640    0.8211    0.8568    0.8909    0.4749   0.09661    0.2242  0.007339
     85/99     12.6G    0.0359   0.08795  0.002319    0.1262       366       640    0.8356    0.8373    0.8902     0.473   0.09652    0.2292  0.007535
     86/99     12.6G   0.03106   0.08768  0.001754    0.1205       159       640    0.8443    0.8233    0.8877    0.4758   0.09646    0.2286  0.007696
     87/99     12.6G   0.03099   0.09006  0.001412    0.1225       576       640    0.8491    0.8193    0.8871    0.4746   0.09662    0.2285  0.007833
     88/99     12.6G   0.04132   0.09284  0.002468    0.1366       505       640    0.8451    0.8348    0.8907    0.4776   0.09645    0.2283  0.008012
     89/99     12.6G   0.04122   0.09298  0.003293    0.1375       516       640     0.824    0.8562    0.8906    0.4775    0.0965    0.2267  0.007811
     90/99     12.6G   0.04197   0.09282  0.001646    0.1364       287       640    0.8325    0.8454    0.8889    0.4722   0.09669     0.229  0.007636
     91/99     12.6G   0.03321    0.0882  0.001808    0.1232       425       640    0.8211    0.8575    0.8889    0.4767   0.09649    0.2253  0.007597
     92/99     12.6G   0.02814   0.09242  0.001335    0.1219       749       640    0.8339    0.8458    0.8917    0.4765   0.09661    0.2277  0.007732
     93/99     12.6G   0.03549   0.09308  0.002686    0.1313       359       640    0.8364    0.8429    0.8927    0.4753   0.09659    0.2254  0.007742
     94/99     12.6G    0.0309    0.0862  0.002144    0.1192       315       640    0.8357    0.8369    0.8884    0.4739   0.09646     0.231  0.007587
     95/99     12.6G   0.03086   0.08953  0.001604     0.122       345       640    0.8234    0.8528    0.8932    0.4763   0.09664    0.2273  0.007459
     96/99     12.6G   0.03021   0.08529  0.002113    0.1176       353       640    0.8238    0.8531    0.8909    0.4776   0.09652    0.2299  0.007326
     97/99     12.6G   0.02775   0.08999  0.001573    0.1193       407       640    0.8393    0.8358    0.8895    0.4756   0.09661    0.2277  0.007219
     98/99     12.6G   0.03572   0.09015  0.001846    0.1277       574       640    0.8394    0.8276    0.8871    0.4726   0.09662    0.2307  0.007055
     99/99     12.6G   0.03806   0.08887  0.002047     0.129       563       640    0.8306    0.8335    0.8857    0.4693    0.0967    0.2284  0.006852
